002	紅噴泉	2	123000
003	南無大慈大悲觀世音菩薩雕像	3	10000000
004	南無大勢至觀世音菩薩畫	3	12300000
005	南無大勢至觀世音菩薩畫	3	12300000
006	南無大勢至觀世音菩薩畫	3	12300000
007	南無大勢至觀世音菩薩畫	3	12300000
008	南無大勢至觀世音菩薩畫	3	12300000
009	南無大勢至觀世音菩薩畫	3	12300000
010	南無大勢至觀世音菩薩畫	3	12300000
011	南無大勢至觀世音菩薩畫	3	12300000
012	南無大勢至觀世音菩薩畫	3	12300000
013	南無大勢至觀世音菩薩畫	3	12300000
014	南無大勢至觀世音菩薩畫	3	12300000
015	南無大勢至觀世音菩薩畫	3	12300000
016	南無大勢至觀世音菩薩畫	3	12300000
017	南無大勢至觀世音菩薩畫	3	12300000
018	南無大勢至觀世音菩薩畫	3	12300000
019	南無大勢至觀世音菩薩畫	3	12300000
020	南無大勢至觀世音菩薩畫	3	12300000
021	南無大勢至觀世音菩薩畫	3	12300000
022	南無大勢至觀世音菩薩畫	3	12300000
023	南無大勢至觀世音菩薩畫	3	12300000
024	南無大勢至觀世音菩薩畫	3	12300000
025	南無大勢至觀世音菩薩畫	3	12300000
026	南無大勢至觀世音菩薩畫	3	12300000
027	南無大勢至觀世音菩薩畫	3	12300000
028	南無大勢至觀世音菩薩畫	3	12300000
029	南無大勢至觀世音菩薩畫	3	12300000
030	南無大勢至觀世音菩薩畫	3	12300000
031	南無大勢至觀世音菩薩畫	3	12300000
032	南無大勢至觀世音菩薩畫	3	12300000
033	南無大勢至觀世音菩薩畫	3	12300000
034	南無大勢至觀世音菩薩畫	3	12300000
035	南無大勢至觀世音菩薩畫	3	12300000
036	南無大勢至觀世音菩薩畫	3	12300000
037	南無大勢至觀世音菩薩畫	3	12300000
038	南無大勢至觀世音菩薩畫	3	12300000
039	南無大勢至觀世音菩薩畫	3	12300000
040	南無大勢至觀世音菩薩畫	3	12300000
041	南無大勢至觀世音菩薩畫	3	12300000
042	南無大勢至觀世音菩薩畫	3	12300000
043	南無大勢至觀世音菩薩畫	3	12300000
044	南無大勢至觀世音菩薩畫	3	12300000
045	南無大勢至觀世音菩薩畫	3	12300000
046	南無大勢至觀世音菩薩畫	3	12300000